$ 1 0.000005 35.60246606707791 47 5 43 5e-11
T 80 224 256 320 0 1000 0.1 -1.2724748461949318 -9.626294769984889e-11 0.999
v 16 240 16 304 0 1 60 170 0 0 0.5
w 16 240 16 224 0
w 80 224 16 224 0
w 16 304 16 320 0
w 16 320 80 320 0
d 304 272 336 240 2 default
d 336 240 368 272 2 default
d 304 272 336 304 2 default
d 336 304 368 272 2 default
w 256 224 336 224 0
w 336 224 336 240 0
w 368 272 432 272 0
w 256 320 336 320 0
w 336 320 336 304 0
w 304 272 288 272 0
w 288 272 288 368 0
w 288 368 432 368 0
c 432 272 432 368 4 0.00021999999999999998 14.05081629947101 0.001 0
w 432 272 512 272 0
w 432 368 512 368 0
r 512 272 512 368 0 470
o 1 32 0 4098 239.9999999999958 1.7686519460784538 0 2 1 3
o 1 32 0 12289 0.0001 1.2851536685251863 1 2 1 3
o 21 32 0 4099 20 0.1 2 2 21 3
